"","Year","Month","Day","Sentiment","Count","Avg_Per"
"1","2020",1,22,"negative",14493,0.297759167208333
"2","2020",1,22,"neutral",20061,0.655877221541667
"3","2020",1,22,"positive",1779,0.0463636112083333
"4","2020",1,23,"negative",99275,0.496622656541667
"5","2020",1,23,"neutral",97048,0.466756613375
"6","2020",1,23,"positive",7367,0.03662073
"7","2020",1,24,"negative",233430,0.421974544333333
"8","2020",1,24,"neutral",305404,0.524804047125
"9","2020",1,24,"positive",29652,0.0532214085
"10","2020",1,25,"negative",376001,0.442638943583333
"11","2020",1,25,"neutral",445823,0.517017620375
"12","2020",1,25,"positive",34265,0.04034343625
"13","2020",1,26,"negative",489539,0.429383953083333
"14","2020",1,26,"neutral",616673,0.542880901291667
"15","2020",1,26,"positive",31525,0.0277351455
"16","2020",1,27,"negative",451737,0.517503256958333
"17","2020",1,27,"neutral",394150,0.453199827375
"18","2020",1,27,"positive",25199,0.029296915625
"19","2020",1,28,"negative",323282,0.4220220865
"20","2020",1,28,"neutral",404091,0.527494179666667
"21","2020",1,28,"positive",38621,0.0504837338333333
"22","2020",1,29,"negative",611369,0.496639764333333
"23","2020",1,29,"neutral",557347,0.457495083416667
"24","2020",1,29,"positive",55809,0.0458651519583333
"25","2020",1,30,"negative",695855,0.448169852583333
"26","2020",1,30,"neutral",777769,0.494317143291667
"27","2020",1,30,"positive",87863,0.057513004125
"28","2020",1,31,"negative",641326,0.459571178833333
"29","2020",1,31,"neutral",672792,0.482889744708333
"30","2020",1,31,"positive",79468,0.0575390764166667
"31","2020",2,1,"negative",232297,0.491893559791667
"32","2020",2,1,"neutral",222222,0.44314976525
"33","2020",2,1,"positive",32381,0.0649566749583333
"34","2020",2,2,"negative",240679,0.47106044675
"35","2020",2,2,"neutral",237507,0.4677875575
"36","2020",2,2,"positive",30816,0.061151995875
"37","2020",2,3,"negative",213258,0.431878315625
"38","2020",2,3,"neutral",241663,0.488388229125
"39","2020",2,3,"positive",40125,0.0797334554166667
"40","2020",2,4,"negative",247566,0.444608223791667
"41","2020",2,4,"neutral",271905,0.486005492916667
"42","2020",2,4,"positive",38926,0.0693862832083333
"43","2020",2,5,"negative",208970,0.410815410083333
"44","2020",2,5,"neutral",240624,0.475564368583333
"45","2020",2,5,"positive",57546,0.113620221166667
"46","2020",2,6,"negative",250610,0.458741197041667
"47","2020",2,6,"neutral",255327,0.472124395041667
"48","2020",2,6,"positive",37426,0.069134408
"49","2020",2,7,"negative",229263,0.436663837166667
"50","2020",2,7,"neutral",257809,0.493384442458333
"51","2020",2,7,"positive",36644,0.0699517202916667
"52","2020",2,8,"negative",227907,0.441097401583333
"53","2020",2,8,"neutral",265138,0.504990259833333
"54","2020",2,8,"positive",28605,0.0539123385833333
"55","2020",2,9,"negative",237402,0.468869846666667
"56","2020",2,9,"neutral",236690,0.462487955166667
"57","2020",2,9,"positive",34696,0.0686421981666667
"58","2020",2,10,"negative",252091,0.4372041065
"59","2020",2,10,"neutral",288628,0.499018159625
"60","2020",2,10,"positive",36933,0.0637777337916667
"61","2020",2,11,"negative",265597,0.45048927625
"62","2020",2,11,"neutral",287552,0.489062098083333
"63","2020",2,11,"positive",35732,0.0604486255833333
"64","2020",2,12,"negative",265132,0.484838366666667
"65","2020",2,12,"neutral",247959,0.460140463375
"66","2020",2,12,"positive",29933,0.05502117
"67","2020",2,13,"negative",279354,0.4601804275
"68","2020",2,13,"neutral",293838,0.482709009875
"69","2020",2,13,"positive",34886,0.057110562625
"70","2020",2,14,"negative",237906,0.413073072541667
"71","2020",2,14,"neutral",296307,0.512560439083333
"72","2020",2,14,"positive",42630,0.0743664884166667
"73","2020",2,15,"negative",195450,0.433805115625
"74","2020",2,15,"neutral",224167,0.491545155083333
"75","2020",2,15,"positive",34077,0.0746497295416667
"76","2020",2,16,"negative",183989,0.376583258375
"77","2020",2,16,"neutral",274185,0.565022172541667
"78","2020",2,16,"positive",28558,0.0583945690416667
"79","2020",2,17,"negative",221875,0.419426592041667
"80","2020",2,17,"neutral",270014,0.511353357958333
"81","2020",2,17,"positive",36403,0.0692200499583333
"82","2020",2,18,"negative",255794,0.455163066416667
"83","2020",2,18,"neutral",266731,0.476957301875
"84","2020",2,18,"positive",37461,0.067879631625
"85","2020",2,19,"negative",240426,0.476118520125
"86","2020",2,19,"neutral",228009,0.452315608208333
"87","2020",2,19,"positive",36651,0.071565871625
"88","2020",2,20,"negative",226431,0.433692162458333
"89","2020",2,20,"neutral",246110,0.478199715
"90","2020",2,20,"positive",46114,0.0881081225833333
"91","2020",2,21,"negative",247143,0.467023860125
"92","2020",2,21,"neutral",253786,0.474504011333333
"93","2020",2,21,"positive",32103,0.0584721284583333
"94","2020",2,22,"negative",201977,0.466196830291667
"95","2020",2,22,"neutral",207869,0.479733679833333
"96","2020",2,22,"positive",24620,0.0540694900833333
"97","2020",2,23,"negative",37344,0.490556700333333
"98","2020",2,23,"neutral",35596,0.468340893125
"99","2020",2,23,"positive",3131,0.0411024065416667
"100","2020",2,24,"negative",179492,0.443651411166667
"101","2020",2,24,"neutral",208871,0.488248617416667
"102","2020",2,24,"positive",29894,0.0680999714166667
"103","2020",2,25,"negative",225189,0.467523208208333
"104","2020",2,25,"neutral",229143,0.480844421416667
"105","2020",2,25,"positive",25411,0.0516323704583333
"106","2020",2,26,"negative",246548,0.458746190208333
"107","2020",2,26,"neutral",249014,0.472783694708333
"108","2020",2,26,"positive",36828,0.0684701150833333
"109","2020",2,27,"negative",323744,0.477868235875
"110","2020",2,27,"neutral",308442,0.465423337083333
"111","2020",2,27,"positive",38060,0.0567084270833333
"112","2020",2,28,"negative",683442,0.480092791916667
"113","2020",2,28,"neutral",723081,0.460780088541667
"114","2020",2,28,"positive",85570,0.0591271195833333
"115","2020",2,29,"negative",1552649,0.505401593625
"116","2020",2,29,"neutral",1302247,0.433035860708333
"117","2020",2,29,"positive",186589,0.06156254575
"118","2020",3,1,"negative",1079866,0.478823423708333
"119","2020",3,1,"neutral",1030951,0.458680070708333
"120","2020",3,1,"positive",139380,0.062496505625
"121","2020",3,2,"negative",257533,0.452820919791667
"122","2020",3,2,"neutral",249753,0.445406352875
"123","2020",3,2,"positive",56736,0.101772727375
"124","2020",3,3,"negative",1150953,0.477321130666667
"125","2020",3,3,"neutral",1093097,0.449270055625
"126","2020",3,3,"positive",166550,0.0734088138333333
"127","2020",3,4,"negative",1170227,0.446436137875
"128","2020",3,4,"neutral",1252895,0.482554234583333
"129","2020",3,4,"positive",180967,0.0710096275833333
"130","2020",3,5,"negative",321755,0.441727162666667
"131","2020",3,5,"neutral",349877,0.483117270625
"132","2020",3,5,"positive",54860,0.0751555667916667
"133","2020",3,6,"negative",357364,0.463092059125
"134","2020",3,6,"neutral",345400,0.451522258125
"135","2020",3,6,"positive",65106,0.0853856827916667
"136","2020",3,7,"negative",394389,0.509875615666667
"137","2020",3,7,"neutral",319390,0.414274825958333
"138","2020",3,7,"positive",58691,0.075849558375
"139","2020",3,8,"negative",364863,0.490156155458333
"140","2020",3,8,"neutral",323381,0.433194503333333
"141","2020",3,8,"positive",57205,0.07664934125
"142","2020",3,9,"negative",357599,0.472684513875
"143","2020",3,9,"neutral",341233,0.454476174
"144","2020",3,9,"positive",54956,0.0728393120833333
"145","2020",3,10,"negative",341765,0.470203164
"146","2020",3,10,"neutral",331617,0.456668029916667
"147","2020",3,10,"positive",52935,0.0731288061666667
"148","2020",3,11,"negative",327084,0.4482168885
"149","2020",3,11,"neutral",345490,0.47581710125
"150","2020",3,11,"positive",55194,0.075966010125
"151","2020",3,12,"negative",322441,0.438690286875
"152","2020",3,12,"neutral",354053,0.483971954666667
"153","2020",3,12,"positive",57886,0.0773377584583333
"154","2020",3,13,"negative",309781,0.455552031375
"155","2020",3,13,"neutral",322264,0.468102833916667
"156","2020",3,13,"positive",50904,0.0763451344583333
"157","2020",3,14,"negative",310743,0.455523477708333
"158","2020",3,14,"neutral",312765,0.458955928333333
"159","2020",3,14,"positive",58287,0.0855205939166667
"160","2020",3,15,"negative",280025,0.433869519458333
"161","2020",3,15,"neutral",302435,0.469352533625
"162","2020",3,15,"positive",62347,0.096777947
"163","2020",3,16,"negative",254148,0.405730576583333
"164","2020",3,16,"neutral",310187,0.49517659325
"165","2020",3,16,"positive",61901,0.099092830125
"166","2020",3,17,"negative",576972,0.403662375458333
"167","2020",3,17,"neutral",736659,0.512497012583333
"168","2020",3,17,"positive",119588,0.083840611875
"169","2020",3,18,"negative",420011,0.435243081375
"170","2020",3,18,"neutral",428722,0.471903333625
"171","2020",3,18,"positive",79093,0.0928535850416667
"172","2020",3,19,"negative",754476,0.46125084475
"173","2020",3,19,"neutral",734128,0.448499012541667
"174","2020",3,19,"positive",147820,0.090250142625
"175","2020",3,20,"negative",735432,0.442166859083333
"176","2020",3,20,"neutral",781173,0.470163927208333
"177","2020",3,20,"positive",145708,0.08766921375
"178","2020",3,21,"negative",657147,0.438951927458333
"179","2020",3,21,"neutral",693306,0.4629611695
"180","2020",3,21,"positive",147177,0.0980869031666667
"181","2020",3,22,"negative",761859,0.447978155708333
"182","2020",3,22,"neutral",777304,0.45756882675
"183","2020",3,22,"positive",159768,0.094453017625
"184","2020",3,23,"negative",792262,0.453637609333333
"185","2020",3,23,"neutral",802144,0.458237203166667
"186","2020",3,23,"positive",154096,0.0881251875
"187","2020",3,24,"negative",230022,0.416173653333333
"188","2020",3,24,"neutral",261954,0.475041948166667
"189","2020",3,24,"positive",59905,0.108784398708333
"190","2020",3,25,"negative",288356,0.393821224291667
"191","2020",3,25,"neutral",356055,0.49027399425
"192","2020",3,25,"positive",82139,0.115904781375
"193","2020",3,26,"negative",770442,0.432476183583333
"194","2020",3,26,"neutral",846946,0.475357174583333
"195","2020",3,26,"positive",164222,0.0921666420416667
"196","2020",3,27,"negative",636935,0.408708759916667
"197","2020",3,27,"neutral",742582,0.481188737166667
"198","2020",3,27,"positive",168503,0.110102502916667
"199","2020",3,28,"negative",729384,0.420494617416667
"200","2020",3,28,"neutral",822024,0.474776292833333
"201","2020",3,28,"positive",181405,0.104729089833333
"202","2020",3,29,"negative",770852,0.442803330458333
"203","2020",3,29,"neutral",800932,0.46153490425
"204","2020",3,29,"positive",165763,0.0956617654166667
"205","2020",3,30,"negative",552804,0.440430015375
"206","2020",3,30,"neutral",566267,0.46201287625
"207","2020",3,30,"positive",111465,0.0975571085
"208","2020",3,31,"negative",255609,0.418264288541667
"209","2020",3,31,"neutral",279390,0.466188762541667
"210","2020",3,31,"positive",69065,0.115546949041667
"211","2020",4,1,"negative",533857,0.445364899875
"212","2020",4,1,"neutral",543958,0.461971119916667
"213","2020",4,1,"positive",99590,0.092663980125
"214","2020",4,2,"negative",773537,0.460280369125
"215","2020",4,2,"neutral",774073,0.460492157541667
"216","2020",4,2,"positive",133029,0.0792274733333333
"217","2020",4,3,"negative",705078,0.4363332365
"218","2020",4,3,"neutral",762103,0.472541925625
"219","2020",4,3,"positive",146956,0.0911248379583333
"220","2020",4,4,"negative",789978,0.458034969166667
"221","2020",4,4,"neutral",762751,0.443635910958333
"222","2020",4,4,"positive",169359,0.0983291199166667
"223","2020",4,5,"negative",784071,0.452513216416667
"224","2020",4,5,"neutral",770033,0.445769816125
"225","2020",4,5,"positive",175835,0.101716967416667
"226","2020",4,6,"negative",792203,0.447993783333333
"227","2020",4,6,"neutral",810017,0.458123041083333
"228","2020",4,6,"positive",165782,0.0938831754583333
"229","2020",4,7,"negative",771585,0.421779419958333
"230","2020",4,7,"neutral",884632,0.485031272291667
"231","2020",4,7,"positive",169907,0.093189307875
"232","2020",4,8,"negative",567745,0.433000437916667
"233","2020",4,8,"neutral",596101,0.465954013916667
"234","2020",4,8,"positive",123767,0.101045548125
"235","2020",4,9,"negative",503204,0.419677632083333
"236","2020",4,9,"neutral",541988,0.475812743083333
"237","2020",4,9,"positive",112042,0.104509625083333
"238","2020",4,10,"negative",810174,0.453490387958333
"239","2020",4,10,"neutral",808598,0.452001335583333
"240","2020",4,10,"positive",169338,0.0945082765
"241","2020",4,11,"negative",815616,0.483416063541667
"242","2020",4,11,"neutral",714110,0.423858612916667
"243","2020",4,11,"positive",156513,0.0927253235416667
"244","2020",4,12,"negative",793817,0.48812969275
"245","2020",4,12,"neutral",674813,0.415001982916667
"246","2020",4,12,"positive",156765,0.0968683244583333
"247","2020",4,13,"negative",766401,0.453417705791667
"248","2020",4,13,"neutral",781281,0.460920403625
"249","2020",4,13,"positive",144962,0.0856618905
"250","2020",4,14,"negative",777905,0.445513835583333
"251","2020",4,14,"neutral",818574,0.469587946875
"252","2020",4,14,"positive",147794,0.0848982175833333
"253","2020",4,15,"negative",840507,0.47287897325
"254","2020",4,15,"neutral",797865,0.448774338
"255","2020",4,15,"positive",139577,0.0783466887083333
"256","2020",4,16,"negative",790607,0.444776877833333
"257","2020",4,16,"neutral",827298,0.465809151333333
"258","2020",4,16,"positive",158784,0.0894139705416667
"259","2020",4,17,"negative",766758,0.447854726958333
"260","2020",4,17,"neutral",805633,0.470469444125
"261","2020",4,17,"positive",139740,0.0816758287916667
"262","2020",4,18,"negative",599945,0.409684148833333
"263","2020",4,18,"neutral",717553,0.489628484541667
"264","2020",4,18,"positive",147939,0.100687366583333
"265","2020",4,19,"negative",843780,0.469221789708333
"266","2020",4,19,"neutral",798478,0.444618487791667
"267","2020",4,19,"positive",154989,0.0861597224166667
"268","2020",4,20,"negative",824903,0.459401394916667
"269","2020",4,20,"neutral",828183,0.461646340791667
"270","2020",4,20,"positive",141486,0.0789522642916667
"271","2020",4,21,"negative",217165,0.412373771458333
"272","2020",4,21,"neutral",244061,0.463698452583333
"273","2020",4,21,"positive",64995,0.123927775958333
"274","2020",4,22,"negative",788259,0.449854841416667
"275","2020",4,22,"neutral",807628,0.461369218
"276","2020",4,22,"positive",155783,0.0887759405833333
"277","2020",4,23,"negative",800717,0.427106200958333
"278","2020",4,23,"neutral",897275,0.48495378025
"279","2020",4,23,"positive",162116,0.0879400186666667
"280","2020",4,24,"negative",843035,0.403251102333333
"281","2020",4,24,"neutral",1042233,0.498724185625
"282","2020",4,24,"positive",205650,0.0980247119583333
"283","2020",4,25,"negative",1080125,0.453288949
"284","2020",4,25,"neutral",1111303,0.46942363325
"285","2020",4,25,"positive",182142,0.0772874177916667
"286","2020",4,26,"negative",1127152,0.478205728166667
"287","2020",4,26,"neutral",1053340,0.447673951875
"288","2020",4,26,"positive",173997,0.0741203199166667
"289","2020",4,27,"negative",1075196,0.444920272625
"290","2020",4,27,"neutral",1144061,0.473726414708333
"291","2020",4,27,"positive",195564,0.0813533125416667
"292","2020",4,28,"negative",808979,0.44745009525
"293","2020",4,28,"neutral",842917,0.469637438416667
"294","2020",4,28,"positive",135317,0.0829124662916667
"295","2020",4,29,"negative",618533,0.432531911875
"296","2020",4,29,"neutral",633801,0.467139558958333
"297","2020",4,29,"positive",123804,0.100328529375
"298","2020",4,30,"negative",834683,0.432611110333333
"299","2020",4,30,"neutral",902590,0.471023209625
"300","2020",4,30,"positive",184956,0.096365680125
"301","2020",5,1,"negative",762468,0.407953759791667
"302","2020",5,1,"neutral",933330,0.498552841416667
"303","2020",5,1,"positive",174887,0.0934933985833333
"304","2020",5,2,"negative",843162,0.442198287916667
"305","2020",5,2,"neutral",889655,0.469253459375
"306","2020",5,2,"positive",167662,0.088548252875
"307","2020",5,3,"negative",895659,0.449528294708333
"308","2020",5,3,"neutral",924878,0.466685432125
"309","2020",5,3,"positive",165242,0.08378627325
"310","2020",5,4,"negative",978404,0.460015531083333
"311","2020",5,4,"neutral",974167,0.461620068875
"312","2020",5,4,"positive",164999,0.078364400125
"313","2020",5,5,"negative",518947,0.442629632416667
"314","2020",5,5,"neutral",537830,0.459302850833333
"315","2020",5,5,"positive",115329,0.0980675167916667
"316","2020",5,6,"negative",1048751,0.467136606708333
"317","2020",5,6,"neutral",989347,0.4455072205
"318","2020",5,6,"positive",194664,0.0873561729583333
"319","2020",5,7,"negative",1211408,0.473127182833333
"320","2020",5,7,"neutral",1136458,0.444729733333333
"321","2020",5,7,"positive",211138,0.0821430837916667
"322","2020",5,8,"negative",1066409,0.4589040025
"323","2020",5,8,"neutral",1049025,0.453113327833333
"324","2020",5,8,"positive",203376,0.0879826695416667
"325","2020",5,9,"negative",961539,0.432550527333333
"326","2020",5,9,"neutral",1061652,0.478752839
"327","2020",5,9,"positive",196314,0.088696633625
"328","2020",5,10,"negative",994443,0.434676855833333
"329","2020",5,10,"neutral",1101411,0.482055123
"330","2020",5,10,"positive",190712,0.08326802125
"331","2020",5,11,"negative",1149332,0.433236757083333
"332","2020",5,11,"neutral",1274432,0.481239269708333
"333","2020",5,11,"positive",225094,0.0855239730833333
"334","2020",5,12,"negative",1140513,0.446893912375
"335","2020",5,12,"neutral",1193348,0.472915115166667
"336","2020",5,12,"positive",196789,0.0801909725416667
"337","2020",5,13,"negative",1230672,0.456730765291667
"338","2020",5,13,"neutral",1254835,0.46741338825
"339","2020",5,13,"positive",204098,0.0758558464583333
"340","2020",5,14,"negative",1173714,0.453442708916667
"341","2020",5,14,"neutral",1204684,0.466618542208333
"342","2020",5,14,"positive",206032,0.07993874875
"343","2020",5,15,"negative",1155303,0.45422524775
"344","2020",5,15,"neutral",1183881,0.466401144833333
"345","2020",5,15,"positive",201194,0.0793736073333333
"346","2020",5,16,"negative",1069624,0.461008309125
"347","2020",5,16,"neutral",1042680,0.452657559166667
"348","2020",5,16,"positive",199783,0.0863341317083333
"349","2020",5,17,"negative",1119193,0.47902785
"350","2020",5,17,"neutral",1030086,0.443755781458333
"351","2020",5,17,"positive",178960,0.0772163684583333
"352","2020",5,18,"negative",1127237,0.4494231185
"353","2020",5,18,"neutral",1180272,0.475307383
"354","2020",5,18,"positive",186919,0.0752694985416667
"355","2020",5,19,"negative",1112594,0.458291531375
"356","2020",5,19,"neutral",1127077,0.463396733666667
"357","2020",5,19,"positive",189823,0.078311735125
"358","2020",5,20,"negative",1129791,0.468351731875
"359","2020",5,20,"neutral",1073284,0.449234328583333
"360","2020",5,20,"positive",197151,0.0824139395
"361","2020",5,21,"negative",1085796,0.457530822666667
"362","2020",5,21,"neutral",1101681,0.464805463958333
"363","2020",5,21,"positive",183519,0.0776637133333333
"364","2020",5,22,"negative",963732,0.440515959041667
"365","2020",5,22,"neutral",1031279,0.473324391916667
"366","2020",5,22,"positive",187626,0.08615964925
"367","2020",5,23,"negative",988809,0.461798664833333
"368","2020",5,23,"neutral",957617,0.455780021083333
"369","2020",5,23,"positive",173097,0.0824213140833333
"370","2020",5,24,"negative",1078468,0.504551906125
"371","2020",5,24,"neutral",878271,0.411594527208333
"372","2020",5,24,"positive",175900,0.0838535665416667
"373","2020",5,25,"negative",986311,0.476049787833333
"374","2020",5,25,"neutral",900565,0.4363732845
"375","2020",5,25,"positive",181828,0.087576927625
"376","2020",5,26,"negative",943470,0.461836020416667
"377","2020",5,26,"neutral",898891,0.439183802666667
"378","2020",5,26,"positive",200750,0.0989801770416667
"379","2020",5,27,"negative",984918,0.494681304208333
"380","2020",5,27,"neutral",848085,0.429601948291667
"381","2020",5,27,"positive",148590,0.0757167474166667
"382","2020",5,28,"negative",1122022,0.521981087458333
"383","2020",5,28,"neutral",862335,0.401714222708333
"384","2020",5,28,"positive",163602,0.0763046897916667
"385","2020",5,29,"negative",1241142,0.56000330525
"386","2020",5,29,"neutral",825965,0.37446474625
"387","2020",5,29,"positive",144482,0.065531948375
"388","2020",5,30,"negative",1264988,0.604350333458333
"389","2020",5,30,"neutral",694736,0.333013567083333
"390","2020",5,30,"positive",130850,0.0626360995416667
"391","2020",5,31,"negative",1320520,0.609792012791667
"392","2020",5,31,"neutral",718878,0.332407663833333
"393","2020",5,31,"positive",124468,0.0578003235416667
"394","2020",6,1,"negative",1129221,0.568677319166667
"395","2020",6,1,"neutral",738845,0.37089504525
"396","2020",6,1,"positive",119633,0.0604276355
"397","2020",6,2,"negative",993241,0.512816051791667
"398","2020",6,2,"neutral",825337,0.425185769791667
"399","2020",6,2,"positive",120688,0.0619981783333333
"400","2020",6,3,"negative",1052427,0.546613716166667
"401","2020",6,3,"neutral",735290,0.381084878375
"402","2020",6,3,"positive",138224,0.0723014054583333
"403","2020",6,4,"negative",1045597,0.550742332583333
"404","2020",6,4,"neutral",733583,0.381708270125
"405","2020",6,4,"positive",129475,0.06754939725
"406","2020",6,5,"negative",776734,0.534414477625
"407","2020",6,5,"neutral",565347,0.387635032583333
"408","2020",6,5,"positive",114832,0.0779504899583333
"409","2020",6,6,"negative",1299103,0.489688474916667
"410","2020",6,6,"neutral",1113715,0.42161707125
"411","2020",6,6,"positive",233194,0.0886944537916667
"412","2020",6,7,"negative",1387285,0.533472080375
"413","2020",6,7,"neutral",998665,0.384452881791667
"414","2020",6,7,"positive",215192,0.08207503775
"415","2020",6,8,"negative",1176269,0.464081470958333
"416","2020",6,8,"neutral",1120393,0.439295070625
"417","2020",6,8,"positive",248729,0.096623458375
"418","2020",6,9,"negative",1204569,0.446635546
"419","2020",6,9,"neutral",1244284,0.458347956208333
"420","2020",6,9,"positive",262520,0.095016497625
"421","2020",6,10,"negative",1336280,0.458818649458333
"422","2020",6,10,"neutral",1296358,0.442011351875
"423","2020",6,10,"positive",291954,0.0991699986666667
"424","2020",6,11,"negative",1321069,0.437524664
"425","2020",6,11,"neutral",1405301,0.466613897666667
"426","2020",6,11,"positive",289951,0.095861438375
"427","2020",6,12,"negative",1363457,0.454616811375
"428","2020",6,12,"neutral",1336712,0.446419252291667
"429","2020",6,12,"positive",297217,0.0989639361666667
"430","2020",6,13,"negative",1402478,0.485367694875
"431","2020",6,13,"neutral",1200707,0.415992215375
"432","2020",6,13,"positive",286161,0.098640089625
"433","2020",6,14,"negative",1450128,0.517297250416667
"434","2020",6,14,"neutral",1068296,0.384700154375
"435","2020",6,14,"positive",273345,0.098002595
"436","2020",6,15,"negative",1619914,0.502106035916667
"437","2020",6,15,"neutral",1328774,0.412837907166667
"438","2020",6,15,"positive",274508,0.0850560569166667
"439","2020",6,16,"negative",1437913,0.459014933708333
"440","2020",6,16,"neutral",1437420,0.459615246125
"441","2020",6,16,"positive",257735,0.0813698202083333
"442","2020",6,17,"negative",1443361,0.462769984833333
"443","2020",6,17,"neutral",1421201,0.456529321333333
"444","2020",6,17,"positive",253791,0.0807006936666667
"445","2020",6,18,"negative",1312861,0.434301126916667
"446","2020",6,18,"neutral",1395896,0.460098524125
"447","2020",6,18,"positive",317809,0.105600349083333
"448","2020",6,19,"negative",1220364,0.393748356833333
"449","2020",6,19,"neutral",1556689,0.505584361916667
"450","2020",6,19,"positive",312573,0.100667281166667
"451","2020",6,20,"negative",1246485,0.420790657708333
"452","2020",6,20,"neutral",1432476,0.483827569416667
"453","2020",6,20,"positive",286907,0.0953817729166667
"454","2020",6,21,"negative",1460745,0.504070911
"455","2020",6,21,"neutral",1160605,0.405155406458333
"456","2020",6,21,"positive",260257,0.0907736825833333
"457","2020",6,22,"negative",1444967,0.468152241541667
"458","2020",6,22,"neutral",1360929,0.437925311041667
"459","2020",6,22,"positive",284394,0.0939224473333333
"460","2020",6,23,"negative",1580404,0.463926800708333
"461","2020",6,23,"neutral",1522507,0.450446858125
"462","2020",6,23,"positive",292901,0.0856263412083333
"463","2020",6,24,"negative",1501190,0.440636743416667
"464","2020",6,24,"neutral",1630577,0.480733975125
"465","2020",6,24,"positive",267041,0.0786292815
"466","2020",6,25,"negative",1716072,0.480539629166667
"467","2020",6,25,"neutral",1559078,0.437823905125
"468","2020",6,25,"positive",288254,0.0816364656666667
"469","2020",6,26,"negative",1858199,0.490574673166667
"470","2020",6,26,"neutral",1601400,0.424677331791667
"471","2020",6,26,"positive",320788,0.0847479949583333
"472","2020",6,27,"negative",1628246,0.473899912375
"473","2020",6,27,"neutral",1499337,0.436809348625
"474","2020",6,27,"positive",309405,0.0892907390833333
"475","2020",6,28,"negative",1628051,0.479261848083333
"476","2020",6,28,"neutral",1487961,0.435846617625
"477","2020",6,28,"positive",285082,0.0848915344583333
"478","2020",6,29,"negative",1635983,0.47332379825
"479","2020",6,29,"neutral",1544968,0.4467775615
"480","2020",6,29,"positive",278691,0.0798986400416667
"481","2020",6,30,"negative",1842600,0.489567009666667
"482","2020",6,30,"neutral",1618341,0.432867970833333
"483","2020",6,30,"positive",291377,0.077565019625
"484","2020",7,1,"negative",1799952,0.478112249291667
"485","2020",7,1,"neutral",1572422,0.419714141541667
"486","2020",7,1,"positive",380382,0.102173609125
"487","2020",7,2,"negative",1697218,0.471158560708333
"488","2020",7,2,"neutral",1583988,0.4397218505
"489","2020",7,2,"positive",323262,0.0891195887916667
"490","2020",7,3,"negative",1682233,0.46199718075
"491","2020",7,3,"neutral",1569324,0.433878163083333
"492","2020",7,3,"positive",381075,0.104124656083333
"493","2020",7,4,"negative",1636422,0.472370742833333
"494","2020",7,4,"neutral",1416034,0.410919242666667
"495","2020",7,4,"positive",404988,0.116710014666667
"496","2020",7,5,"negative",1653266,0.484968791041667
"497","2020",7,5,"neutral",1428911,0.422294672958333
"498","2020",7,5,"positive",308958,0.0927365360416667
"499","2020",7,6,"negative",1808494,0.484595229916667
"500","2020",7,6,"neutral",1624526,0.438197415208333
"501","2020",7,6,"positive",284400,0.07720735475
"502","2020",7,7,"negative",1618622,0.460727715
"503","2020",7,7,"neutral",1642469,0.464991467791667
"504","2020",7,7,"positive",260154,0.0742808172083333
"505","2020",7,8,"negative",1641766,0.45233808475
"506","2020",7,8,"neutral",1691603,0.467733637833333
"507","2020",7,8,"positive",289676,0.0799282774583333
"508","2020",7,9,"negative",1555942,0.450746999666667
"509","2020",7,9,"neutral",1611279,0.467160039375
"510","2020",7,9,"positive",283799,0.0820929608333333
"511","2020",7,10,"negative",1612422,0.495094759083333
"512","2020",7,10,"neutral",1362093,0.417572526875
"513","2020",7,10,"positive",289704,0.0873327140416667
"514","2020",7,11,"negative",1470493,0.463031955375
"515","2020",7,11,"neutral",1328274,0.436133978166667
"516","2020",7,11,"positive",316961,0.100834066583333
"517","2020",7,12,"negative",1285886,0.45188260275
"518","2020",7,12,"neutral",1241469,0.435524229416667
"519","2020",7,12,"positive",317844,0.112593167708333
"520","2020",7,13,"negative",1841312,0.458565732166667
"521","2020",7,13,"neutral",1764618,0.443403596916667
"522","2020",7,13,"positive",385187,0.098030670875
"523","2020",7,14,"negative",1742244,0.468496832083333
"524","2020",7,14,"neutral",1691137,0.45410547025
"525","2020",7,14,"positive",287513,0.0773976976666667
"526","2020",7,15,"negative",1996229,0.499907867083333
"527","2020",7,15,"neutral",1697182,0.42655775725
"528","2020",7,15,"positive",290065,0.0735343757916667
"529","2020",7,16,"negative",1977195,0.510158922166667
"530","2020",7,16,"neutral",1650048,0.426212961833333
"531","2020",7,16,"positive",244262,0.063628116
"532","2020",7,17,"negative",1923943,0.500872709208333
"533","2020",7,17,"neutral",1649018,0.430188426541667
"534","2020",7,17,"positive",263648,0.0689388641666667
"535","2020",7,18,"negative",1621635,0.467100915541667
"536","2020",7,18,"neutral",1529013,0.443949719916667
"537","2020",7,18,"positive",305081,0.0889493645
"538","2020",7,19,"negative",1682374,0.481884702458333
"539","2020",7,19,"neutral",1475774,0.424256122166667
"540","2020",7,19,"positive",324834,0.0938591754583333
"541","2020",7,20,"negative",1530898,0.4724728095
"542","2020",7,20,"neutral",1420748,0.437497286
"543","2020",7,20,"positive",288230,0.090029904375
"544","2020",7,21,"negative",1555751,0.459969036541667
"545","2020",7,21,"neutral",1519707,0.446603241958333
"546","2020",7,21,"positive",313095,0.0934277214583333
"547","2020",7,22,"negative",1484759,0.43619803075
"548","2020",7,22,"neutral",1572444,0.466655088541667
"549","2020",7,22,"positive",327083,0.0971468807916667
"550","2020",7,23,"negative",1490028,0.456195621375
"551","2020",7,23,"neutral",1450689,0.446840162458333
"552","2020",7,23,"positive",314388,0.0969642160416667
"553","2020",7,24,"negative",1418079,0.45488593875
"554","2020",7,24,"neutral",1411837,0.451570042625
"555","2020",7,24,"positive",290388,0.0935440185
"556","2020",7,25,"negative",1404785,0.448567701
"557","2020",7,25,"neutral",1475931,0.469340585458333
"558","2020",7,25,"positive",258984,0.0820917135833333
"559","2020",7,26,"negative",1417240,0.476398020583333
"560","2020",7,26,"neutral",1307287,0.44103462575
"561","2020",7,26,"positive",245698,0.082567353625
"562","2020",7,27,"negative",1460828,0.441167151375
"563","2020",7,27,"neutral",1535958,0.465478307791667
"564","2020",7,27,"positive",308827,0.0933545408333333
"565","2020",7,28,"negative",1705072,0.459894231708333
"566","2020",7,28,"neutral",1713376,0.464423465125
"567","2020",7,28,"positive",277755,0.0756823032083333
"568","2020",7,29,"negative",1536426,0.42834850725
"569","2020",7,29,"neutral",1711198,0.479788326041667
"570","2020",7,29,"positive",330152,0.091863166625
"571","2020",7,30,"negative",1695378,0.472335720166667
"572","2020",7,30,"neutral",1585219,0.4435878475
"573","2020",7,30,"positive",296939,0.084076432375
"574","2020",7,31,"negative",1552115,0.44906103325
"575","2020",7,31,"neutral",1590447,0.461330405333333
"576","2020",7,31,"positive",311090,0.0896085614583333
"577","2020",8,1,"negative",1366555,0.448543468083333
"578","2020",8,1,"neutral",1365094,0.450718948541667
"579","2020",8,1,"positive",305727,0.100737583166667
"580","2020",8,2,"negative",1485374,0.456430721333333
"581","2020",8,2,"neutral",1485085,0.458436418125
"582","2020",8,2,"positive",275067,0.0851328605
"583","2020",8,3,"negative",1434976,0.463708516625
"584","2020",8,3,"neutral",1385445,0.447931939
"585","2020",8,3,"positive",272010,0.0883595443333333
"586","2020",8,4,"negative",1614891,0.479214271666667
"587","2020",8,4,"neutral",1462115,0.436916827708333
"588","2020",8,4,"positive",279321,0.0838689005833333
"589","2020",8,5,"negative",1309972,0.452782998916667
"590","2020",8,5,"neutral",1323542,0.459510960416667
"591","2020",8,5,"positive",253278,0.0877060406666667
"592","2020",8,6,"negative",1476609,0.478593759869565
"593","2020",8,6,"neutral",1368328,0.442948602695652
"594","2020",8,6,"positive",243074,0.0784576375217391
"595","2020",8,7,"negative",1425240,0.458677094708333
"596","2020",8,7,"neutral",1401477,0.454058268791667
"597","2020",8,7,"positive",270831,0.0872646364166667
"598","2020",8,8,"negative",1352948,0.48933091073913
"599","2020",8,8,"neutral",1134827,0.409734641043478
"600","2020",8,8,"positive",279584,0.10093444826087
"601","2020",8,9,"negative",1526275,0.496265093913043
"602","2020",8,9,"neutral",1298335,0.420875522
"603","2020",8,9,"positive",251729,0.082859384173913
"604","2020",8,10,"negative",1605333,0.464590253625
"605","2020",8,10,"neutral",1495852,0.436911824916667
"606","2020",8,10,"positive",331673,0.098497921375
"607","2020",8,11,"negative",1476775,0.445399841541667
"608","2020",8,11,"neutral",1501225,0.457286999541667
"609","2020",8,11,"positive",324918,0.0973131589166667
"610","2020",8,12,"negative",1225377,0.454692298333333
"611","2020",8,12,"neutral",1217303,0.448488173791667
"612","2020",8,12,"positive",262741,0.0968195278333333
"613","2020",8,13,"negative",1333123,0.446244433583333
"614","2020",8,13,"neutral",1367758,0.4626839665
"615","2020",8,13,"positive",269495,0.0910716
"616","2020",8,14,"negative",1310455,0.446601426869565
"617","2020",8,14,"neutral",1370960,0.468747679434783
"618","2020",8,14,"positive",250359,0.0846508937391304
"619","2020",8,15,"negative",1209551,0.44577149875
"620","2020",8,15,"neutral",1171076,0.435458952958333
"621","2020",8,15,"positive",322091,0.118769548208333
"622","2020",8,16,"negative",1247316,0.479616246125
"623","2020",8,16,"neutral",1119212,0.430755161541667
"624","2020",8,16,"positive",234664,0.0896285924166667
"625","2020",8,17,"negative",1225195,0.445893559125
"626","2020",8,17,"neutral",1283598,0.465198032875
"627","2020",8,17,"positive",251370,0.088908408
"628","2020",8,18,"negative",1340607,0.4542932395
"629","2020",8,18,"neutral",1295826,0.440124842958333
"630","2020",8,18,"positive",311691,0.1055819175
"631","2020",8,19,"negative",1278795,0.44501860575
"632","2020",8,19,"neutral",1256350,0.43994480225
"633","2020",8,19,"positive",327667,0.115036592
"634","2020",8,20,"negative",1356324,0.461820298583333
"635","2020",8,20,"neutral",1294276,0.442085173541667
"636","2020",8,20,"positive",282167,0.0960945277916667
"637","2020",8,21,"negative",1460191,0.454922179416667
"638","2020",8,21,"neutral",1460487,0.458082518958333
"639","2020",8,21,"positive",280557,0.0869953016666667
"640","2020",8,22,"negative",1423859,0.472039120333333
"641","2020",8,22,"neutral",1332624,0.440916398916667
"642","2020",8,22,"positive",260225,0.0870444805416667
"643","2020",8,23,"negative",1634650,0.483073563541667
"644","2020",8,23,"neutral",1459908,0.4334785955
"645","2020",8,23,"positive",281826,0.0834478407916667
"646","2020",8,24,"negative",1483546,0.461100709458333
"647","2020",8,24,"neutral",1440385,0.447880189416667
"648","2020",8,24,"positive",292210,0.0910191010416667
"649","2020",8,25,"negative",1497680,0.453838542958333
"650","2020",8,25,"neutral",1481534,0.450365475208333
"651","2020",8,25,"positive",315643,0.095795981875
"652","2020",8,26,"negative",1525185,0.465124479791667
"653","2020",8,26,"neutral",1518376,0.462807752083333
"654","2020",8,26,"positive",236324,0.0720677680416667
"655","2020",8,27,"negative",1520186,0.472845818708333
"656","2020",8,27,"neutral",1443471,0.449947217416667
"657","2020",8,27,"positive",247058,0.0772069635416667
"658","2020",8,28,"negative",1599860,0.482183885833333
"659","2020",8,28,"neutral",1443447,0.437134141458333
"660","2020",8,28,"positive",265473,0.08068197275
"661","2020",8,29,"negative",1266156,0.475577925833333
"662","2020",8,29,"neutral",1131199,0.426626088041667
"663","2020",8,29,"positive",260191,0.097795986
"664","2020",8,30,"negative",1370695,0.47908862125
"665","2020",8,30,"neutral",1206342,0.4208492155
"666","2020",8,30,"positive",282363,0.100062163333333
"667","2020",8,31,"negative",1501691,0.491950609416667
"668","2020",8,31,"neutral",1295163,0.427302489208333
"669","2020",8,31,"positive",243374,0.080746901375
"670","2020",9,1,"negative",1504731,0.494508886541667
"671","2020",9,1,"neutral",1223184,0.4066431235
"672","2020",9,1,"positive",297808,0.0988479899166667
"673","2020",9,2,"negative",1483224,0.480253371833333
"674","2020",9,2,"neutral",1302241,0.428874690125
"675","2020",9,2,"positive",280002,0.0908719382083333
"676","2020",9,3,"negative",1544659,0.48586475175
"677","2020",9,3,"neutral",1312686,0.4135017525
"678","2020",9,3,"positive",316243,0.100633496
"679","2020",9,4,"negative",1279959,0.457946156791667
"680","2020",9,4,"neutral",1229972,0.440980830416667
"681","2020",9,4,"positive",281473,0.101073012708333
"682","2020",9,5,"negative",1123496,0.457158032583333
"683","2020",9,5,"neutral",1066470,0.434129734625
"684","2020",9,5,"positive",265576,0.10871223275
"685","2020",9,6,"negative",1029485,0.432764863625
"686","2020",9,6,"neutral",1092215,0.459703887958333
"687","2020",9,6,"positive",254259,0.107531248416667
"688","2020",9,7,"negative",1258941,0.463015119666667
"689","2020",9,7,"neutral",1175954,0.435670072291667
"690","2020",9,7,"positive",275278,0.101314808
"691","2020",9,8,"negative",1353445,0.47290056075
"692","2020",9,8,"neutral",1239137,0.433455256916667
"693","2020",9,8,"positive",265235,0.0936441823333333
"694","2020",9,9,"negative",1855480,0.508375383541667
"695","2020",9,9,"neutral",1456469,0.415982662
"696","2020",9,9,"positive",257531,0.0756419544166667
"697","2020",9,10,"negative",2119398,0.535165366
"698","2020",9,10,"neutral",1556042,0.397170719
"699","2020",9,10,"positive",260183,0.0676639150833333
"700","2020",9,11,"negative",1574281,0.491047965625
"701","2020",9,11,"neutral",1361530,0.430900062916667
"702","2020",9,11,"positive",245421,0.0780519711666667
"703","2020",9,12,"negative",1292392,0.463315217541667
"704","2020",9,12,"neutral",1246667,0.449592416291667
"705","2020",9,12,"positive",241630,0.0870923662083333
"706","2020",9,13,"negative",1371491,0.488315709208333
"707","2020",9,13,"neutral",1195225,0.431447472958333
"708","2020",9,13,"positive",221926,0.0802368177916667
"709","2020",9,14,"negative",1321835,0.45969621725
"710","2020",9,14,"neutral",1274621,0.443349396041667
"711","2020",9,14,"positive",276304,0.0969543867083333
"712","2020",9,15,"negative",1378877,0.4446445295
"713","2020",9,15,"neutral",1437362,0.464574657083333
"714","2020",9,15,"positive",280624,0.090780813625
"715","2020",9,16,"negative",1345881,0.423325634375
"716","2020",9,16,"neutral",1525722,0.482528648375
"717","2020",9,16,"positive",294319,0.094145717125
"718","2020",9,17,"negative",1655002,0.465337660333333
"719","2020",9,17,"neutral",1595349,0.446948768041667
"720","2020",9,17,"positive",307362,0.0877135715833333
"721","2020",9,18,"negative",1542950,0.455116144041667
"722","2020",9,18,"neutral",1531965,0.456950963958333
"723","2020",9,18,"positive",293168,0.0879328919166667
"724","2020",9,19,"negative",1033069,0.466848408
"725","2020",9,19,"neutral",937326,0.429725497166667
"726","2020",9,19,"positive",222308,0.103426094791667
"727","2020",9,20,"negative",1169409,0.475503484333333
"728","2020",9,20,"neutral",1061546,0.429415426
"729","2020",9,20,"positive",235889,0.0950810896666667
"730","2020",9,21,"negative",1337799,0.443835293958333
"731","2020",9,21,"neutral",1362603,0.4547863975
"732","2020",9,21,"positive",297454,0.101378308458333
"733","2020",9,22,"negative",1611829,0.45638525
"734","2020",9,22,"neutral",1528639,0.436294525625
"735","2020",9,22,"positive",366276,0.10732022425
"736","2020",9,23,"negative",1211832,0.447544895583333
"737","2020",9,23,"neutral",1207302,0.456924082458333
"738","2020",9,23,"positive",264243,0.0955310219583333
"739","2020",9,24,"negative",1318024,0.440373350958333
"740","2020",9,24,"neutral",1380925,0.4533556115
"741","2020",9,24,"positive",321665,0.106271037708333
"742","2020",9,25,"negative",1229597,0.438111884541667
"743","2020",9,25,"neutral",1259274,0.45206522725
"744","2020",9,25,"positive",306740,0.109822888291667
"745","2020",9,26,"negative",1259329,0.476543896125
"746","2020",9,26,"neutral",1118176,0.424310137625
"747","2020",9,26,"positive",256551,0.0991459662083333
"748","2020",9,27,"negative",1019450,0.457351055208333
"749","2020",9,27,"neutral",952946,0.429646022375
"750","2020",9,27,"positive",252007,0.113002922583333
"751","2020",9,28,"negative",1066279,0.44655789775
"752","2020",9,28,"neutral",1075887,0.447884307541667
"753","2020",9,28,"positive",250120,0.105557794791667
"754","2020",9,29,"negative",1212118,0.449389352041667
"755","2020",9,29,"neutral",1212407,0.450657305458333
"756","2020",9,29,"positive",271838,0.0999533425
"757","2020",9,30,"negative",1304320,0.473940231875
"758","2020",9,30,"neutral",1112125,0.414243393958333
"759","2020",9,30,"positive",293636,0.111816374041667
"760","2020",10,1,"negative",1117346,0.434134317833333
"761","2020",10,1,"neutral",1202792,0.46652397825
"762","2020",10,1,"positive",251725,0.099341704
"763","2020",10,2,"negative",2103109,0.400218568791667
"764","2020",10,2,"neutral",2401226,0.464109733333333
"765","2020",10,2,"positive",706498,0.135671698041667
"766","2020",10,3,"negative",2255047,0.436612039291667
"767","2020",10,3,"neutral",2416012,0.466856020375
"768","2020",10,3,"positive",493336,0.096531940125
"769","2020",10,4,"negative",2158375,0.481496225375
"770","2020",10,4,"neutral",1934935,0.433440724458333
"771","2020",10,4,"positive",375907,0.085063050125
"772","2020",10,5,"negative",2479206,0.520366364458333
"773","2020",10,5,"neutral",1833122,0.392599030958333
"774","2020",10,5,"positive",419441,0.0870346044166667
"775","2020",10,6,"negative",2519460,0.516381596708333
"776","2020",10,6,"neutral",1989190,0.408621564333333
"777","2020",10,6,"positive",359234,0.074996839
"778","2020",10,7,"negative",1949993,0.467803079375
"779","2020",10,7,"neutral",1862491,0.447924524583333
"780","2020",10,7,"positive",352425,0.0842723960416667
"781","2020",10,8,"negative",1782632,0.4455215655
"782","2020",10,8,"neutral",1823066,0.46216258625
"783","2020",10,8,"positive",360214,0.092315848125
"784","2020",10,9,"negative",1615164,0.441896599208333
"785","2020",10,9,"neutral",1714645,0.46986177575
"786","2020",10,9,"positive",314118,0.0882416249166667
"787","2020",10,10,"negative",1743190,0.481194637166667
"788","2020",10,10,"neutral",1572376,0.43405125675
"789","2020",10,10,"positive",301565,0.08475410625
"790","2020",10,11,"negative",1637739,0.493352942
"791","2020",10,11,"neutral",1426469,0.428723467708333
"792","2020",10,11,"positive",254073,0.0779235903333333
"793","2020",10,12,"negative",1505272,0.45961727925
"794","2020",10,12,"neutral",1498011,0.458145598875
"795","2020",10,12,"positive",269045,0.082237121875
"796","2020",10,13,"negative",1614586,0.461439177208333
"797","2020",10,13,"neutral",1568023,0.449306910041667
"798","2020",10,13,"positive",313624,0.0892539127916667
"799","2020",10,14,"negative",1413536,0.464197839541667
"800","2020",10,14,"neutral",1357036,0.444743483583333
"801","2020",10,14,"positive",280485,0.0910586767916667
"802","2020",10,15,"negative",1354447,0.450002624666667
"803","2020",10,15,"neutral",1347202,0.455505015916667
"804","2020",10,15,"positive",279188,0.0944923593333333
"805","2020",10,16,"negative",1443967,0.47832277775
"806","2020",10,16,"neutral",1324989,0.437049234291667
"807","2020",10,16,"positive",254797,0.084627988125
"808","2020",10,17,"negative",1259329,0.467710979791667
"809","2020",10,17,"neutral",1175085,0.437772646083333
"810","2020",10,17,"positive",254182,0.094516374125
"811","2020",10,18,"negative",1243024,0.442906897
"812","2020",10,18,"neutral",1261831,0.453558538875
"813","2020",10,18,"positive",287729,0.103534564041667
"814","2020",10,19,"negative",1262233,0.415090568791667
"815","2020",10,19,"neutral",1470320,0.487378838166667
"816","2020",10,19,"positive",298854,0.0975305932083333
"817","2020",10,20,"negative",1460763,0.456466690458333
"818","2020",10,20,"neutral",1422675,0.450460605083333
"819","2020",10,20,"positive",289737,0.093072704375
"820","2020",10,21,"negative",1388409,0.484176323666667
"821","2020",10,21,"neutral",1223257,0.4222214035
"822","2020",10,21,"positive",270747,0.0936022729583333
"823","2020",10,22,"negative",1410824,0.481981845708333
"824","2020",10,22,"neutral",1212706,0.419456318541667
"825","2020",10,22,"positive",281305,0.09856183575
"826","2020",10,23,"negative",1395265,0.471918523791667
"827","2020",10,23,"neutral",1274740,0.431079988583333
"828","2020",10,23,"positive",278829,0.0970014876666667
"829","2020",10,24,"negative",1267760,0.464235777666667
"830","2020",10,24,"neutral",1204116,0.445539827666667
"831","2020",10,24,"positive",241654,0.090224394625
"832","2020",10,25,"negative",1412082,0.464118616083333
"833","2020",10,25,"neutral",1344345,0.444302265
"834","2020",10,25,"positive",273721,0.0915791190416667
"835","2020",10,26,"negative",1363267,0.475371475791667
"836","2020",10,26,"neutral",1236784,0.437715047166667
"837","2020",10,26,"positive",243886,0.086913477
"838","2020",10,27,"negative",1396300,0.493100834333333
"839","2020",10,27,"neutral",1166802,0.418752291
"840","2020",10,27,"positive",246758,0.08814687475
"841","2020",10,28,"negative",1330829,0.477990308166667
"842","2020",10,28,"neutral",1182224,0.426139097375
"843","2020",10,28,"positive",262610,0.0958705946666667
"844","2020",10,29,"negative",1264523,0.449472731958333
"845","2020",10,29,"neutral",1231706,0.4388101925
"846","2020",10,29,"positive",313190,0.111717075708333
"847","2020",10,30,"negative",1464624,0.480469860083333
"848","2020",10,30,"neutral",1282515,0.42073295275
"849","2020",10,30,"positive",302255,0.098797187125
"850","2020",10,31,"negative",1038174,0.46478554389443
"851","2020",10,31,"neutral",954376,0.42774269669847
"852","2020",10,31,"positive",241968,0.1074717594071
"853","2020",11,1,"negative",1399298,0.47838444975
"854","2020",11,1,"neutral",1195397,0.410328132958333
"855","2020",11,1,"positive",325635,0.111287417291667
"856","2020",11,2,"negative",1375364,0.460341693583333
"857","2020",11,2,"neutral",1272684,0.428506809083333
"858","2020",11,2,"positive",328177,0.111151497416667
"859","2020",11,3,"negative",1176722,0.449531800125
"860","2020",11,3,"neutral",1148497,0.441324787333333
"861","2020",11,3,"positive",284523,0.109143412416667
"862","2020",11,4,"negative",1022170,0.469302264375
"863","2020",11,4,"neutral",930112,0.420116449708333
"864","2020",11,4,"positive",243269,0.110581285791667
"865","2020",11,5,"negative",1154705,0.450970178416667
"866","2020",11,5,"neutral",1120230,0.439158363416667
"867","2020",11,5,"positive",277446,0.109871458166667
"868","2020",11,6,"negative",1060733,0.442924291166667
"869","2020",11,6,"neutral",1042079,0.437674413
"870","2020",11,6,"positive",287669,0.119401295791667
"871","2020",11,7,"negative",1163463,0.428237062833333
"872","2020",11,7,"neutral",1182220,0.441519660875
"873","2020",11,7,"positive",358725,0.130243276416667
"874","2020",11,8,"negative",1040938,0.45537495075
"875","2020",11,8,"neutral",964612,0.422563555583333
"876","2020",11,8,"positive",278080,0.122061493708333
"877","2020",11,9,"negative",1076068,0.37721343725
"878","2020",11,9,"neutral",1465172,0.490726358083333
"879","2020",11,9,"positive",420194,0.132060204708333
"880","2020",11,10,"negative",1094515,0.403829803875
"881","2020",11,10,"neutral",1280949,0.472653436
"882","2020",11,10,"positive",330739,0.123516760125
"883","2020",11,11,"negative",1107382,0.42328583325
"884","2020",11,11,"neutral",1207889,0.467310372416667
"885","2020",11,11,"positive",283568,0.109403794291667
"886","2020",11,12,"negative",1323929,0.434187122291667
"887","2020",11,12,"neutral",1402327,0.460202820875
"888","2020",11,12,"positive",317652,0.10561005675
"889","2020",11,13,"negative",1718451,0.474588660666667
"890","2020",11,13,"neutral",1523452,0.421090137666667
"891","2020",11,13,"positive",373043,0.104321201625
"892","2020",11,14,"negative",1268537,0.428556457041667
"893","2020",11,14,"neutral",1335055,0.4536479235
"894","2020",11,14,"positive",346219,0.117795619458333
"895","2020",11,15,"negative",1366951,0.46963510125
"896","2020",11,15,"neutral",1201445,0.414663563666667
"897","2020",11,15,"positive",327730,0.115701335166667
"898","2020",11,16,"negative",1375219,0.441764076458333
"899","2020",11,16,"neutral",1378725,0.445205399083333
"900","2020",11,16,"positive",348135,0.113030524625
"901","2020",11,17,"negative",1370758,0.444280674458333
"902","2020",11,17,"neutral",1356488,0.440614082083333
"903","2020",11,17,"positive",354509,0.11510524325
"904","2020",11,18,"negative",1428338,0.455193554416667
"905","2020",11,18,"neutral",1327388,0.4285098345
"906","2020",11,18,"positive",359334,0.116296611041667
"907","2020",11,19,"negative",1582079,0.461621593
"908","2020",11,19,"neutral",1457934,0.429527980583333
"909","2020",11,19,"positive",372844,0.108850426541667
"910","2020",11,20,"negative",1418375,0.418483911833333
"911","2020",11,20,"neutral",1526296,0.453373957791667
"912","2020",11,20,"positive",422461,0.128142130333333
"913","2020",11,21,"negative",1378566,0.418081724208333
"914","2020",11,21,"neutral",1500497,0.458395825583333
"915","2020",11,21,"positive",394443,0.123522450083333
"916","2020",11,22,"negative",1421105,0.456816229125
"917","2020",11,22,"neutral",1342017,0.436014690458333
"918","2020",11,22,"positive",327208,0.107169080333333
"919","2020",11,23,"negative",1404554,0.444136413625
"920","2020",11,23,"neutral",1426835,0.450311464708333
"921","2020",11,23,"positive",328782,0.105552121791667
"922","2020",11,24,"negative",1294901,0.436209849041667
"923","2020",11,24,"neutral",1336579,0.455359220791667
"924","2020",11,24,"positive",320913,0.108430930125
"925","2020",11,25,"negative",1364650,0.459754117416667
"926","2020",11,25,"neutral",1253694,0.427134538125
"927","2020",11,25,"positive",337188,0.113111344291667
"928","2020",11,26,"negative",1272629,0.435541964875
"929","2020",11,26,"neutral",1206318,0.415435341916667
"930","2020",11,26,"positive",440748,0.149022693083333
"931","2020",11,27,"negative",1086460,0.4475226955
"932","2020",11,27,"neutral",1003813,0.414069624875
"933","2020",11,27,"positive",332788,0.138407679541667
"934","2020",11,28,"negative",1044852,0.443599729666667
"935","2020",11,28,"neutral",1022171,0.444672795916667
"936","2020",11,28,"positive",254089,0.111727474416667
"937","2020",11,29,"negative",1175785,0.46823098625
"938","2020",11,29,"neutral",1051417,0.425177857416667
"939","2020",11,29,"positive",263750,0.106591156333333
"940","2020",11,30,"negative",1281237,0.463641805041667
"941","2020",11,30,"neutral",1146285,0.419556585583333
"942","2020",11,30,"positive",316958,0.116801609416667
"943","2020",12,1,"negative",2641448,0.462139885375
"944","2020",12,1,"neutral",2439274,0.427240102375
"945","2020",12,1,"positive",628548,0.110620012166667
"946","2020",12,2,"negative",2117250,0.423608086833333
"947","2020",12,2,"neutral",2176281,0.441594079666667
"948","2020",12,2,"positive",645669,0.134797833416667
"949","2020",12,3,"negative",702166,0.440424976625
"950","2020",12,3,"neutral",706939,0.443014658458333
"951","2020",12,3,"positive",187958,0.116560364875
"952","2020",12,4,"negative",2685640,0.455010185541667
"953","2020",12,4,"neutral",2555278,0.439870653291667
"954","2020",12,4,"positive",605406,0.105119161208333
"955","2020",12,5,"negative",1283528,0.47624599825
"956","2020",12,5,"neutral",1122968,0.422065369666667
"957","2020",12,5,"positive",268540,0.101688632041667
"958","2020",12,6,"negative",1267767,0.47080425725
"959","2020",12,6,"neutral",1126240,0.413164593583333
"960","2020",12,6,"positive",321123,0.11603114925
"961","2020",12,7,"negative",1335657,0.408684988166667
"962","2020",12,7,"neutral",1504297,0.4701025725
"963","2020",12,7,"positive",388261,0.121212439458333
"964","2020",12,8,"negative",1441748,0.432126899375
"965","2020",12,8,"neutral",1483761,0.451965796791667
"966","2020",12,8,"positive",376740,0.115907303791667
"967","2020",12,9,"negative",1435469,0.461270131833333
"968","2020",12,9,"neutral",1344940,0.434820466708333
"969","2020",12,9,"positive",318954,0.103909401416667
"970","2020",12,10,"negative",1350613,0.466188536708333
"971","2020",12,10,"neutral",1237700,0.430422064375
"972","2020",12,10,"positive",296546,0.103389398708333
"973","2020",12,11,"negative",1130048,0.442554021708333
"974","2020",12,11,"neutral",1121802,0.445891018375
"975","2020",12,11,"positive",282484,0.111554959958333
"976","2020",12,12,"negative",1004089,0.418320250083333
"977","2020",12,12,"neutral",1038280,0.437756048458333
"978","2020",12,12,"positive",352981,0.143923701541667
"979","2020",12,13,"negative",1084094,0.429869234875
"980","2020",12,13,"neutral",1108218,0.444632098875
"981","2020",12,13,"positive",307498,0.125498666166667
"982","2020",12,14,"negative",1219754,0.428150464166667
"983","2020",12,14,"neutral",1301315,0.458004617625
"984","2020",12,14,"positive",327595,0.113844918583333
"985","2020",12,15,"negative",1192806,0.420348084208333
"986","2020",12,15,"neutral",1313727,0.462326196958333
"987","2020",12,15,"positive",336920,0.117325718916667
"988","2020",12,16,"negative",1326252,0.43693738925
"989","2020",12,16,"neutral",1375159,0.455466282166667
"990","2020",12,16,"positive",320245,0.107596328625
"991","2020",12,17,"negative",1439649,0.443885243916667
"992","2020",12,17,"neutral",1482434,0.461730250625
"993","2020",12,17,"positive",301533,0.0943845052916667
"994","2020",12,18,"negative",1449369,0.457019678083333
"995","2020",12,18,"neutral",1415957,0.447973429541667
"996","2020",12,18,"positive",300076,0.0950068924583333
"997","2020",12,19,"negative",1537074,0.48183753175
"998","2020",12,19,"neutral",1343966,0.426357106916667
"999","2020",12,19,"positive",285983,0.0918053612916667
"1000","2020",12,20,"negative",1468048,0.478498248458333
"1001","2020",12,20,"neutral",1322270,0.433868023958333
"1002","2020",12,20,"positive",262440,0.0876337276666667
"1003","2020",12,21,"negative",1589969,0.463166623333333
"1004","2020",12,21,"neutral",1578722,0.4598121175
"1005","2020",12,21,"positive",262399,0.0770212592083333
"1006","2020",12,22,"negative",1676221,0.481766418416667
"1007","2020",12,22,"neutral",1522202,0.438399326125
"1008","2020",12,22,"positive",276788,0.0798342552083333
"1009","2020",12,23,"negative",1366336,0.451575304333333
"1010","2020",12,23,"neutral",1342465,0.443279597833333
"1011","2020",12,23,"positive",317463,0.105145097833333
"1012","2020",12,24,"negative",1031336,0.428808681458333
"1013","2020",12,24,"neutral",1059779,0.44500765475
"1014","2020",12,24,"positive",302864,0.126183663833333
"1015","2020",12,25,"negative",707249,0.409414490958333
"1016","2020",12,25,"neutral",727559,0.427089158375
"1017","2020",12,25,"positive",275843,0.163496350625
"1018","2020",12,26,"negative",923405,0.470645342
"1019","2020",12,26,"neutral",789932,0.418317029458333
"1020","2020",12,26,"positive",206158,0.111037628708333
"1021","2020",12,27,"negative",1197589,0.499446516708333
"1022","2020",12,27,"neutral",929050,0.394485584208333
"1023","2020",12,27,"positive",244389,0.106067899041667
"1024","2020",12,28,"negative",1302891,0.462363339375
"1025","2020",12,28,"neutral",1222588,0.439650736875
"1026","2020",12,28,"positive",273173,0.0979859237916667
"1027","2020",12,29,"negative",1368492,0.461288291708333
"1028","2020",12,29,"neutral",1332443,0.44796066025
"1029","2020",12,29,"positive",266217,0.0907510479166667
"1030","2020",12,30,"negative",1568038,0.456583036291667
"1031","2020",12,30,"neutral",1554816,0.455215147916667
"1032","2020",12,30,"positive",300780,0.0882018157083333
"1033","2020",12,31,"negative",1409214,0.445356551333333
"1034","2020",12,31,"neutral",1357762,0.431670048625
"1035","2020",12,31,"positive",392633,0.122973399875
"1036","2021",1,1,"negative",1179204,0.431502596282455
"1037","2021",1,1,"neutral",1146081,0.425470507002076
"1038","2021",1,1,"positive",371966,0.143026896715469
"1039","2021",1,2,"negative",1336079,0.498225577620512
"1040","2021",1,2,"neutral",1066022,0.397989899039116
"1041","2021",1,2,"positive",277072,0.103784523340372
"1042","2021",1,3,"negative",1351489,0.470903500136095
"1043","2021",1,3,"neutral",1190553,0.419684405342959
"1044","2021",1,3,"positive",304215,0.109412094520946
"1045","2021",1,4,"negative",1363527,0.436968622862913
"1046","2021",1,4,"neutral",1480698,0.471485453178029
"1047","2021",1,4,"positive",279102,0.0915459239590571
"1048","2021",1,5,"negative",1390841,0.431024488879933
"1049","2021",1,5,"neutral",1543006,0.477347080980413
"1050","2021",1,5,"positive",295358,0.0916284301396545
"1051","2021",1,6,"negative",1393111,0.432859006198959
"1052","2021",1,6,"neutral",1476313,0.463785603634004
"1053","2021",1,6,"positive",333518,0.103355390167037
"1054","2021",1,7,"negative",1137938,0.45373003955128
"1055","2021",1,7,"neutral",1115338,0.445201041132999
"1056","2021",1,7,"positive",253066,0.101068919315721
"1057","2021",1,8,"negative",1150596,0.446130790153958
"1058","2021",1,8,"neutral",1157380,0.452485857115651
"1059","2021",1,8,"positive",259051,0.101383352730391
"1060","2021",1,9,"negative",940382,0.448456388565024
"1061","2021",1,9,"neutral",929761,0.444239196421395
"1062","2021",1,9,"positive",229011,0.107304415013582
"1063","2021",1,10,"negative",992628,0.454318606152963
"1064","2021",1,10,"neutral",970648,0.445857428760206
"1065","2021",1,10,"positive",215507,0.0998239650868314
"1066","2021",1,11,"negative",1127681,0.447514133504554
"1067","2021",1,11,"neutral",1120890,0.443207156527205
"1068","2021",1,11,"positive",276932,0.10927870996824
"1069","2021",1,12,"negative",1200975,0.426756359132698
"1070","2021",1,12,"neutral",1313890,0.467397339530454
"1071","2021",1,12,"positive",293720,0.105846301336848
"1072","2021",1,13,"negative",1258016,0.45226012834922
"1073","2021",1,13,"neutral",1264241,0.455965419897293
"1074","2021",1,13,"positive",254182,0.0917744517534871
"1075","2021",1,14,"negative",1056129,0.420938944936304
"1076","2021",1,14,"neutral",1206480,0.475017312646188
"1077","2021",1,14,"positive",267923,0.104043742417508
"1078","2021",1,15,"negative",1064170,0.435645032004276
"1079","2021",1,15,"neutral",1104116,0.461719714883472
"1080","2021",1,15,"positive",246745,0.102635253112252
"1081","2021",1,16,"negative",1313679,0.447998817170923
"1082","2021",1,16,"neutral",1252328,0.433851884249829
"1083","2021",1,16,"positive",339768,0.118149298579248
"1084","2021",1,17,"negative",1138692,0.456866751826036
"1085","2021",1,17,"neutral",1055614,0.425309025636399
"1086","2021",1,17,"positive",289863,0.117824222537565
"1087","2021",1,18,"negative",1118503,0.437267315865823
"1088","2021",1,18,"neutral",1140382,0.447196132695177
"1089","2021",1,18,"positive",300608,0.115536551439001
"1090","2021",1,19,"negative",1161278,0.432740856588126
"1091","2021",1,19,"neutral",1227968,0.456600607910069
"1092","2021",1,19,"positive",300409,0.110658535501806
"1093","2021",1,20,"negative",1059889,0.407018568181741
"1094","2021",1,20,"neutral",1171248,0.450766753964832
"1095","2021",1,20,"positive",367044,0.142214677853427
"1096","2021",1,21,"negative",1168306,0.409658497865552
"1097","2021",1,21,"neutral",1377865,0.48140398459508
"1098","2021",1,21,"positive",306745,0.108937517539368
"1099","2021",1,22,"negative",1185224,0.417531891912251
"1100","2021",1,22,"neutral",1336413,0.470801921316523
"1101","2021",1,22,"positive",315796,0.111666186771226
"1102","2021",1,23,"negative",1115491,0.408010430569017
"1103","2021",1,23,"neutral",1296584,0.478309354574219
"1104","2021",1,23,"positive",305285,0.113680214856764
"1105","2021",1,24,"negative",1112316,0.399956163467698
"1106","2021",1,24,"neutral",1427002,0.514989816525079
"1107","2021",1,24,"positive",232608,0.0850540200072233
"1108","2021",1,25,"negative",1140806,0.416584119982722
"1109","2021",1,25,"neutral",1366763,0.496295997753655
"1110","2021",1,25,"positive",241978,0.0871198822636226
"1111","2021",1,26,"negative",1202963,0.421426078743452
"1112","2021",1,26,"neutral",1299641,0.464802260561821
"1113","2021",1,26,"positive",313561,0.113771660694727
"1114","2021",1,27,"negative",1263948,0.442082924293768
"1115","2021",1,27,"neutral",1309222,0.458116384158814
"1116","2021",1,27,"positive",285374,0.0998006915474178
"1117","2021",1,28,"negative",1041133,0.411183435790325
"1118","2021",1,28,"neutral",1178988,0.466586339209069
"1119","2021",1,28,"positive",323582,0.122230225000605
"1120","2021",1,29,"negative",1025513,0.403153428933487
"1121","2021",1,29,"neutral",1153394,0.457246471057233
"1122","2021",1,29,"positive",348689,0.139600100009279
"1123","2021",1,30,"negative",1058269,0.43091400459259
"1124","2021",1,30,"neutral",1150930,0.468526238810788
"1125","2021",1,30,"positive",245189,0.100559756596622
"1126","2021",1,31,"negative",1136983,0.45244631605549
"1127","2021",1,31,"neutral",1150729,0.458241500719988
"1128","2021",1,31,"positive",222812,0.0893121832245229
"1129","2021",2,1,"negative",1042964,0.407433912913912
"1130","2021",2,1,"neutral",1248579,0.487737318651785
"1131","2021",2,1,"positive",268529,0.104828768434303
"1132","2021",2,2,"negative",1047355,0.399338456137459
"1133","2021",2,2,"neutral",1296050,0.492708917260666
"1134","2021",2,2,"positive",281497,0.107952626601876
"1135","2021",2,3,"negative",1167433,0.42309890248968
"1136","2021",2,3,"neutral",1282234,0.466724088539887
"1137","2021",2,3,"positive",307054,0.110177008970433
"1138","2021",2,4,"negative",977963,0.393493319008257
"1139","2021",2,4,"neutral",1193706,0.483484622356984
"1140","2021",2,4,"positive",298178,0.12302205863476
"1141","2021",2,5,"negative",905197,0.38210821469563
"1142","2021",2,5,"neutral",1168750,0.495599641254269
"1143","2021",2,5,"positive",290005,0.122292144050102
"1144","2021",2,6,"negative",458861,0.400262150728888
"1145","2021",2,6,"neutral",557812,0.487492272286468
"1146","2021",2,6,"positive",128984,0.112245576984644
"1147","2021",2,7,"negative",960051,0.438377740004931
"1148","2021",2,7,"neutral",1019703,0.467197807948161
"1149","2021",2,7,"positive",207542,0.0944244520469084
"1150","2021",2,8,"negative",1081445,0.429373518291116
"1151","2021",2,8,"neutral",1173919,0.465744425208926
"1152","2021",2,8,"positive",265874,0.104882056499958
"1153","2021",2,9,"negative",973759,0.403749519645779
"1154","2021",2,9,"neutral",1154334,0.486766662999837
"1155","2021",2,9,"positive",261497,0.109483817354384
"1156","2021",2,11,"negative",966202,0.433511658842194
"1157","2021",2,11,"neutral",989505,0.44625326190383
"1158","2021",2,11,"positive",267612,0.120235079253976
"1159","2021",2,12,"negative",1089832,0.442441432638982
"1160","2021",2,12,"neutral",1079398,0.435616090024697
"1161","2021",2,12,"positive",307644,0.121942477336321
"1162","2021",2,13,"negative",887015,0.443337674415995
"1163","2021",2,13,"neutral",889439,0.448452864652357
"1164","2021",2,13,"positive",215368,0.108209460931649
"1165","2021",2,14,"negative",749372,0.426449601259851
"1166","2021",2,14,"neutral",770624,0.441715038215373
"1167","2021",2,14,"positive",229481,0.131835360524776
"1168","2021",2,15,"negative",992452,0.445016845119477
"1169","2021",2,15,"neutral",1006914,0.451961459274431
"1170","2021",2,15,"positive",224563,0.103021695606092
"1171","2021",2,16,"negative",994101,0.431251526546576
"1172","2021",2,16,"neutral",1074920,0.469199066657975
"1173","2021",2,16,"positive",229276,0.0995494067954488
"1174","2021",2,17,"negative",1124962,0.458401689082605
"1175","2021",2,17,"neutral",1080552,0.441785085099941
"1176","2021",2,17,"positive",243830,0.0998132258174538
"1177","2021",2,18,"negative",1024114,0.442713133425401
"1178","2021",2,18,"neutral",1038602,0.45642410858646
"1179","2021",2,18,"positive",231035,0.100862757988139
"1180","2021",2,19,"negative",947524,0.41141036424116
"1181","2021",2,19,"neutral",1098511,0.484102631382874
"1182","2021",2,19,"positive",237492,0.104487004375966
"1183","2021",2,20,"negative",797079,0.439952662990851
"1184","2021",2,20,"neutral",814673,0.45413365966096
"1185","2021",2,20,"positive",190692,0.105913677348188
"1186","2021",2,21,"negative",875604,0.443717648816468
"1187","2021",2,21,"neutral",885597,0.453503639021609
"1188","2021",2,21,"positive",198174,0.102778712161922
"1189","2021",2,22,"negative",1028595,0.429340511745108
"1190","2021",2,22,"neutral",1125229,0.470503555807939
"1191","2021",2,22,"positive",241758,0.100155932446953
"1192","2021",2,23,"negative",1161934,0.446821375691266
"1193","2021",2,23,"neutral",1148863,0.442471650412943
"1194","2021",2,23,"positive",283799,0.110706973895792
"1195","2021",2,24,"negative",1023677,0.417785767455136
"1196","2021",2,24,"neutral",1175079,0.478030551791057
"1197","2021",2,24,"positive",255380,0.104183680753806
"1198","2021",2,25,"negative",147465,0.355469291537729
"1199","2021",2,25,"neutral",195450,0.578573683479044
"1200","2021",2,25,"positive",33443,0.065957024983227
"1201","2021",2,26,"negative",595586,0.39301539437629
"1202","2021",2,26,"neutral",593234,0.51545430553246
"1203","2021",2,26,"positive",158647,0.0915303000912495
"1204","2021",2,27,"negative",480628,0.439477539867135
"1205","2021",2,27,"neutral",482975,0.487408096134389
"1206","2021",2,27,"positive",113049,0.0731143639984769
"1207","2021",2,28,"negative",854078,0.443085422517071
"1208","2021",2,28,"neutral",838565,0.435465075486317
"1209","2021",2,28,"positive",243863,0.121449501996611
"1210","2021",3,1,"negative",700135,0.344403662432551
"1211","2021",3,1,"neutral",966577,0.551930569098767
"1212","2021",3,1,"positive",210835,0.103665768468682
"1213","2021",3,2,"negative",1010929,0.406527411420454
"1214","2021",3,2,"neutral",1172442,0.485952933298955
"1215","2021",3,2,"positive",254384,0.107519655280592
"1216","2021",3,3,"negative",1235073,0.445229526223798
"1217","2021",3,3,"neutral",1272475,0.464577203385937
"1218","2021",3,3,"positive",247801,0.0901932703902651
"1219","2021",3,4,"negative",1047671,0.421146453883797
"1220","2021",3,4,"neutral",1181771,0.475017437640774
"1221","2021",3,4,"positive",258564,0.103836108475429
"1222","2021",3,5,"negative",1048812,0.392776680646568
"1223","2021",3,5,"neutral",1291997,0.489163925304302
"1224","2021",3,5,"positive",309262,0.11805939404913
"1225","2021",3,6,"negative",899682,0.406855707764486
"1226","2021",3,6,"neutral",1065023,0.478650887769005
"1227","2021",3,6,"positive",254479,0.114493404466509
"1228","2021",3,7,"negative",883144,0.410544601264538
"1229","2021",3,7,"neutral",1012307,0.482159821977784
"1230","2021",3,7,"positive",226774,0.107295576757677
"1231","2021",3,8,"negative",863073,0.420747826592964
"1232","2021",3,8,"neutral",919078,0.446602062980167
"1233","2021",3,8,"positive",282797,0.132650110426869
"1234","2021",3,9,"negative",883877,0.405461249622934
"1235","2021",3,9,"neutral",1013683,0.467374002401945
"1236","2021",3,9,"positive",273073,0.127164747975121
"1237","2021",3,10,"negative",895955,0.378849589688997
"1238","2021",3,10,"neutral",1222527,0.503884270233036
"1239","2021",3,10,"positive",276924,0.117266140077967
"1240","2021",3,11,"negative",988939,0.383586723287465
"1241","2021",3,11,"neutral",1251162,0.484147967223476
"1242","2021",3,11,"positive",342092,0.13226530948906
"1243","2021",3,12,"negative",1031865,0.391693395843431
"1244","2021",3,12,"neutral",1260574,0.475822535452978
"1245","2021",3,12,"positive",354400,0.132484068703591
"1246","2021",3,13,"negative",784013,0.440982339887768
"1247","2021",3,13,"neutral",753562,0.429675707136227
"1248","2021",3,13,"positive",224091,0.129341952976005
"1249","2021",3,14,"negative",787943,0.45598202778827
"1250","2021",3,14,"neutral",754517,0.438570334264841
"1251","2021",3,14,"positive",183351,0.105447637946888
"1252","2021",3,15,"negative",825949,0.431447706401133
"1253","2021",3,15,"neutral",853685,0.445635299704713
"1254","2021",3,15,"positive",226217,0.122916993894154
"1255","2021",3,16,"negative",817692,0.422369616438563
"1256","2021",3,16,"neutral",911021,0.472288942094936
"1257","2021",3,16,"positive",204503,0.105341441466502
"1258","2021",3,17,"negative",975874,0.498545063232687
"1259","2021",3,17,"neutral",785806,0.403932187864955
"1260","2021",3,17,"positive",193299,0.097522748902358
"1261","2021",3,18,"negative",903898,0.455319734913944
"1262","2021",3,18,"neutral",896260,0.448656710434425
"1263","2021",3,18,"positive",194219,0.0960235546516317
"1264","2021",3,19,"negative",863290,0.420243613663224
"1265","2021",3,19,"neutral",936151,0.459325254042793
"1266","2021",3,19,"positive",246917,0.120431132293984
"1267","2021",3,20,"negative",907866,0.430450343024798
"1268","2021",3,20,"neutral",910506,0.43749787370375
"1269","2021",3,20,"positive",285240,0.132051783271452
"1270","2021",3,21,"negative",925777,0.429909239004785
"1271","2021",3,21,"neutral",963134,0.453853465172506
"1272","2021",3,21,"positive",245665,0.116237295822709
"1273","2021",3,22,"negative",880188,0.397314798703905
"1274","2021",3,22,"neutral",1082526,0.488263265999377
"1275","2021",3,22,"positive",260856,0.114421935296718
"1276","2021",3,23,"negative",929781,0.40276937152632
"1277","2021",3,23,"neutral",1098175,0.479932007733493
"1278","2021",3,23,"positive",267675,0.117298620740188
"1279","2021",3,24,"negative",919800,0.436095527296342
"1280","2021",3,24,"neutral",954553,0.459291844974745
"1281","2021",3,24,"positive",217956,0.104612627728912
"1282","2021",3,25,"negative",835009,0.40547525958183
"1283","2021",3,25,"neutral",1036443,0.493213779553997
"1284","2021",3,25,"positive",212045,0.101310960864173
"1285","2021",3,26,"negative",726602,0.377574973162821
"1286","2021",3,26,"neutral",996503,0.516988623498535
"1287","2021",3,26,"positive",205927,0.105436403338643
"1288","2021",3,27,"negative",701675,0.406300553243198
"1289","2021",3,27,"neutral",817302,0.48132259901466
"1290","2021",3,27,"positive",193225,0.112376847742142
"1291","2021",3,28,"negative",746168,0.442098103583131
"1292","2021",3,28,"neutral",748972,0.446468527453919
"1293","2021",3,28,"positive",184423,0.11143336896295
"1294","2021",3,29,"negative",909771,0.408599156983168
"1295","2021",3,29,"neutral",1070231,0.481214134593827
"1296","2021",3,29,"positive",237160,0.110186708423004
"1297","2021",3,30,"negative",1022278,0.424017515678095
"1298","2021",3,30,"neutral",1140948,0.480115644409978
"1299","2021",3,30,"positive",229951,0.0958668399119273
"1300","2021",3,31,"negative",908141,0.410548377790203
"1301","2021",3,31,"neutral",1085580,0.488856660686794
"1302","2021",3,31,"positive",222046,0.100594961523003
"1303","2021",4,1,"negative",907875,0.416842234755889
"1304","2021",4,1,"neutral",1040963,0.481767565077295
"1305","2021",4,1,"positive",222076,0.101390200166816
"1306","2021",4,2,"negative",861348,0.410491203324686
"1307","2021",4,2,"neutral",1009723,0.482399326766638
"1308","2021",4,2,"positive",222981,0.107109469908676
"1309","2021",4,3,"negative",747739,0.411169457663847
"1310","2021",4,3,"neutral",884964,0.4866941302867
"1311","2021",4,3,"positive",186883,0.102136412049453
"1312","2021",4,4,"negative",695128,0.401839724984045
"1313","2021",4,4,"neutral",831383,0.482664018447754
"1314","2021",4,4,"positive",198579,0.115496256568201
"1315","2021",4,5,"negative",909591,0.406743592000343
"1316","2021",4,5,"neutral",1084628,0.481187693339688
"1317","2021",4,5,"positive",262618,0.112068714659969
"1318","2021",4,6,"negative",934486,0.374845971679499
"1319","2021",4,6,"neutral",1297765,0.519415584648456
"1320","2021",4,6,"positive",263476,0.105738443672045
"1321","2021",4,7,"negative",960212,0.387903331420102
"1322","2021",4,7,"neutral",1246431,0.505467464497712
"1323","2021",4,7,"positive",262870,0.106629204082187
"1324","2021",4,8,"negative",977531,0.40258647290986
"1325","2021",4,8,"neutral",1191215,0.491904142125483
"1326","2021",4,8,"positive",260014,0.105509384964657
"1327","2021",4,9,"negative",910037,0.408311065527636
"1328","2021",4,9,"neutral",1094522,0.488601560631485
"1329","2021",4,9,"positive",229815,0.103087373840879
"1330","2021",4,10,"negative",811878,0.412205523104358
"1331","2021",4,10,"neutral",961186,0.492165072819491
"1332","2021",4,10,"positive",187289,0.0956294040761506
"1333","2021",4,11,"negative",850485,0.447526763749023
"1334","2021",4,11,"neutral",871162,0.46312267267272
"1335","2021",4,11,"positive",172391,0.0893505635782572
"1336","2021",4,12,"negative",481334,0.42338731734667
"1337","2021",4,12,"neutral",566172,0.496087342505507
"1338","2021",4,12,"positive",92194,0.0805253401478226
"1339","2021",4,13,"negative",844874,0.436728543201019
"1340","2021",4,13,"neutral",867708,0.445703896726313
"1341","2021",4,13,"positive",225067,0.117567560072668
"1342","2021",4,14,"negative",783563,0.418035868374007
"1343","2021",4,14,"neutral",889179,0.474175745964486
"1344","2021",4,14,"positive",201155,0.107788385661507
"1345","2021",4,15,"negative",764236,0.407094321569813
"1346","2021",4,15,"neutral",941390,0.499739440411727
"1347","2021",4,15,"positive",175274,0.09316623801846
"1348","2021",4,16,"negative",924365,0.412725213006723
"1349","2021",4,16,"neutral",1074704,0.479118775033255
"1350","2021",4,16,"positive",246550,0.108156011960021
"1351","2021",4,17,"negative",852841,0.419365747885206
"1352","2021",4,17,"neutral",981496,0.479471904681816
"1353","2021",4,17,"positive",208366,0.101162347432978
"1354","2021",4,18,"negative",1005976,0.42240508451519
"1355","2021",4,18,"neutral",1178339,0.492108003122721
"1356","2021",4,18,"positive",201708,0.0854869123620895
"1357","2021",4,19,"negative",1080026,0.401461833566718
"1358","2021",4,19,"neutral",1353042,0.499600591303993
"1359","2021",4,19,"positive",270847,0.098937575129289
"1360","2021",4,20,"negative",1084150,0.409712616009245
"1361","2021",4,20,"neutral",1285525,0.482440689731506
"1362","2021",4,20,"positive",286645,0.107846694259249
"1363","2021",4,21,"negative",1023601,0.399691946449982
"1364","2021",4,21,"neutral",1296887,0.500064005208676
"1365","2021",4,21,"positive",257513,0.100244048341342
"1366","2021",4,22,"negative",1152225,0.418044308832272
"1367","2021",4,22,"neutral",1362913,0.488398200757202
"1368","2021",4,22,"positive",259363,0.0935574904105261
"1369","2021",4,23,"negative",1124297,0.399674692526722
"1370","2021",4,23,"neutral",1428230,0.505225551328541
"1371","2021",4,23,"positive",268829,0.095099756144737
"1372","2021",4,24,"negative",909004,0.410998695872488
"1373","2021",4,24,"neutral",1089212,0.489717648859153
"1374","2021",4,24,"positive",220584,0.0992836552683587
"1375","2021",4,25,"negative",1222561,0.418852404715282
"1376","2021",4,25,"neutral",1422358,0.482542816381125
"1377","2021",4,25,"positive",289777,0.0986047789035923
"1378","2021",4,26,"negative",1238664,0.405837082061157
"1379","2021",4,26,"neutral",1515762,0.49496422312519
"1380","2021",4,26,"positive",302583,0.0991986948136539
"1381","2021",4,27,"negative",1298601,0.406912070550773
"1382","2021",4,27,"neutral",1588442,0.496658053434074
"1383","2021",4,27,"positive",307442,0.0964298760151525
"1384","2021",4,28,"negative",1152383,0.40255818812974
"1385","2021",4,28,"neutral",1394165,0.485134353424759
"1386","2021",4,28,"positive",324594,0.112307458445501
"1387","2021",4,29,"negative",1182862,0.40377536122627
"1388","2021",4,29,"neutral",1446167,0.491257400092964
"1389","2021",4,29,"positive",307340,0.104967238680767
"1390","2021",4,30,"negative",1104870,0.397871177861138
"1391","2021",4,30,"neutral",1359355,0.48685892549894
"1392","2021",4,30,"positive",323126,0.115269896639922
"1393","2021",5,1,"negative",1124708,0.405878002979459
"1394","2021",5,1,"neutral",1321181,0.475575365849116
"1395","2021",5,1,"positive",328361,0.118546631171426
"1396","2021",5,2,"negative",996898,0.414299711059746
"1397","2021",5,2,"neutral",1145119,0.470622770079333
"1398","2021",5,2,"positive",284266,0.115077518860921
"1399","2021",5,3,"negative",1068697,0.40479526674403
"1400","2021",5,3,"neutral",1295279,0.489917074213756
"1401","2021",5,3,"positive",276210,0.105287659042214
"1402","2021",5,4,"negative",1201936,0.426329990992895
"1403","2021",5,4,"neutral",1340158,0.475780953260513
"1404","2021",5,4,"positive",274561,0.0978890557465919
"1405","2021",5,5,"negative",1022552,0.385001793419671
"1406","2021",5,5,"neutral",1363648,0.510076461880777
"1407","2021",5,5,"positive",282477,0.104921744699552
"1408","2021",5,6,"negative",813144,0.383902676776313
"1409","2021",5,6,"neutral",1076934,0.503229726395049
"1410","2021",5,6,"positive",240256,0.112867596828638
"1411","2021",5,7,"negative",1009063,0.389082696756737
"1412","2021",5,7,"neutral",1297937,0.496988367728999
"1413","2021",5,7,"positive",296495,0.113928935514264
"1414","2021",5,8,"negative",947870,0.393572549145059
"1415","2021",5,8,"neutral",1221047,0.49835235467838
"1416","2021",5,8,"positive",261584,0.108075096176562
"1417","2021",5,9,"negative",870017,0.40725108726957
"1418","2021",5,9,"neutral",1052528,0.488166751900976
"1419","2021",5,9,"positive",226022,0.104582160829454
"1420","2021",5,10,"negative",1056126,0.386451529123381
"1421","2021",5,10,"neutral",1304019,0.476834116938812
"1422","2021",5,10,"positive",393959,0.136714353937807
"1423","2021",5,11,"negative",514631,0.405048572811234
"1424","2021",5,11,"neutral",651613,0.509312569251869
"1425","2021",5,11,"positive",110092,0.0856388579368966
"1426","2021",5,12,"negative",1075541,0.403234460427117
"1427","2021",5,12,"neutral",1262929,0.474082329455601
"1428","2021",5,12,"positive",328365,0.122683210117282
"1429","2021",5,13,"negative",1168261,0.410670034476992
"1430","2021",5,13,"neutral",1382156,0.478895896740475
"1431","2021",5,13,"positive",312353,0.110434068782533
"1432","2021",5,14,"negative",1342755,0.399689946704454
"1433","2021",5,14,"neutral",1652021,0.492855624443252
"1434","2021",5,14,"positive",353876,0.107454428852294
"1435","2021",5,15,"negative",1151898,0.404060822730388
"1436","2021",5,15,"neutral",1405161,0.490890402540331
"1437","2021",5,15,"positive",302490,0.105048774729281
"1438","2021",5,16,"negative",1067272,0.42735718295897
"1439","2021",5,16,"neutral",1174960,0.470492269986621
"1440","2021",5,16,"positive",253907,0.102150547054409
"1441","2021",5,17,"negative",1156197,0.424540174516105
"1442","2021",5,17,"neutral",1274550,0.464808483906254
"1443","2021",5,17,"positive",302731,0.110651341577641
"1444","2021",5,18,"negative",1213546,0.434644608969031
"1445","2021",5,18,"neutral",1330121,0.474913995781733
"1446","2021",5,18,"positive",252132,0.0904413952492362
"1447","2021",5,19,"negative",1060913,0.423727964009225
"1448","2021",5,19,"neutral",1179522,0.469958863381164
"1449","2021",5,19,"positive",270628,0.106313172609611
"1450","2021",5,20,"negative",993254,0.404656598609997
"1451","2021",5,20,"neutral",1184754,0.482617359521048
"1452","2021",5,20,"positive",274883,0.112726041868955
"1453","2021",5,21,"negative",831260,0.378468811797203
"1454","2021",5,21,"neutral",1115776,0.503537440390185
"1455","2021",5,21,"positive",260887,0.117993747812613
"1456","2021",5,22,"negative",848316,0.421950596768387
"1457","2021",5,22,"neutral",939291,0.475502216802664
"1458","2021",5,22,"positive",203552,0.102547186428949
"1459","2021",5,23,"negative",948312,0.4099729525491
"1460","2021",5,23,"neutral",1171451,0.502447470509081
"1461","2021",5,23,"positive",203426,0.0875795769418184
"1462","2021",5,24,"negative",1030171,0.405469812825328
"1463","2021",5,24,"neutral",1267608,0.5031986862964
"1464","2021",5,24,"positive",234009,0.091331500878272
"1465","2021",5,25,"negative",986473,0.40626158822381
"1466","2021",5,25,"neutral",1193619,0.487627204918178
"1467","2021",5,25,"positive",260775,0.106111206858012
"1468","2021",5,26,"negative",1100141,0.433933073590881
"1469","2021",5,26,"neutral",1200159,0.471972750333802
"1470","2021",5,26,"positive",240187,0.0940941760753167
"1471","2021",5,27,"negative",1037408,0.414651442821082
"1472","2021",5,27,"neutral",1240711,0.49336284150781
"1473","2021",5,27,"positive",231034,0.0919857156711083
"1474","2021",5,28,"negative",904445,0.405296358707031
"1475","2021",5,28,"neutral",1124145,0.500666007605093
"1476","2021",5,28,"positive",210075,0.094037633687876
"1477","2021",5,29,"negative",892126,0.413885613202467
"1478","2021",5,29,"neutral",1020299,0.473876988939214
"1479","2021",5,29,"positive",241964,0.112237397858319
"1480","2021",5,30,"negative",767531,0.410307290257918
"1481","2021",5,30,"neutral",859298,0.455861221936599
"1482","2021",5,30,"positive",246332,0.133831487805483
"1483","2021",5,31,"negative",660337,0.387459819082529
"1484","2021",5,31,"neutral",838278,0.488861708964636
"1485","2021",5,31,"positive",214848,0.123678471952835
"1486","2021",6,1,"negative",739347,0.399481463354851
"1487","2021",6,1,"neutral",904873,0.49426059245858
"1488","2021",6,1,"positive",195218,0.106257944186569
"1489","2021",6,2,"negative",915995,0.408231056543726
"1490","2021",6,2,"neutral",1093383,0.487326156571915
"1491","2021",6,2,"positive",234195,0.104442786884359
"1492","2021",6,3,"negative",899616,0.407450897622095
"1493","2021",6,3,"neutral",1080154,0.488721359865704
"1494","2021",6,3,"positive",231003,0.103827742512201
"1495","2021",6,4,"negative",910771,0.426727035917985
"1496","2021",6,4,"neutral",1005583,0.472203601293673
"1497","2021",6,4,"positive",216116,0.101069362788342
"1498","2021",6,5,"negative",628729,0.42434159472646
"1499","2021",6,5,"neutral",706337,0.475709881302125
"1500","2021",6,5,"positive",149441,0.0999485239714151
"1501","2021",6,6,"negative",610379,0.440349500595754
"1502","2021",6,6,"neutral",627868,0.451973020927023
"1503","2021",6,6,"positive",150091,0.107677478477224
"1504","2021",6,7,"negative",709073,0.411441428336083
"1505","2021",6,7,"neutral",865312,0.488009288317795
"1506","2021",6,7,"positive",177645,0.100549283346122
"1507","2021",6,8,"negative",683116,0.400827699050885
"1508","2021",6,8,"neutral",830949,0.487377452182797
"1509","2021",6,8,"positive",191195,0.111794848766318
"1510","2021",6,9,"negative",722856,0.385436697222089
"1511","2021",6,9,"neutral",951280,0.506798968622755
"1512","2021",6,9,"positive",201834,0.107764334155155
"1513","2021",6,10,"negative",654606,0.401290764765552
"1514","2021",6,10,"neutral",807628,0.494648392865232
"1515","2021",6,10,"positive",170862,0.104060842369216
"1516","2021",6,11,"negative",720064,0.396247362547792
"1517","2021",6,11,"neutral",890557,0.492383363337845
"1518","2021",6,11,"positive",201874,0.111369274114363
"1519","2021",6,12,"negative",637567,0.416570979654823
"1520","2021",6,12,"neutral",727317,0.480808362579333
"1521","2021",6,12,"positive",156693,0.102620657765844
"1522","2021",6,13,"negative",726206,0.438188504798829
"1523","2021",6,13,"neutral",761586,0.471989628105271
"1524","2021",6,13,"positive",143127,0.0898218670959
"1525","2021",6,14,"negative",788067,0.423541966691676
"1526","2021",6,14,"neutral",880410,0.476028298536139
"1527","2021",6,14,"positive",189704,0.100429734772186
"1528","2021",6,15,"negative",786384,0.421110765064673
"1529","2021",6,15,"neutral",882730,0.473621532059648
"1530","2021",6,15,"positive",199837,0.105267702875679
"1531","2021",6,16,"negative",742341,0.411093512151181
"1532","2021",6,16,"neutral",858916,0.477551821854919
"1533","2021",6,16,"positive",198681,0.1113546659939
"1534","2021",6,17,"negative",682936,0.417273987664647
"1535","2021",6,17,"neutral",787211,0.478093320055596
"1536","2021",6,17,"positive",172258,0.104632692279757
"1537","2021",6,18,"negative",660318,0.406423197552998
"1538","2021",6,18,"neutral",800156,0.490775536022626
"1539","2021",6,18,"positive",167014,0.102801266424376
